2
3
4
9
10
11
12
16
18
20
22
23
24
26
29
32
33
37
40
44
45
48
53
54
56
57
59
66
67
69
75
79
80
82
83
85
86
89
98
99
107
108
110
124
126
128
129
134
137
142
143
147
152
157
162
166
167
173
184
185
187
188
191
193
194
195
196
199
205
208
209
210
212
216
217
219
221
225
227
231
234
238
242
248
249
256
257
258
259
260
262
268
269
270
272
273
275
276
280
284
287
289
290
291
292
299
300
301
302
304
306
307
308
310
311
312
316
317
319
320
323
324
326
328
329
330
331
335
338
339
341
342
346
347
348
349
357
359
360
367
368
369
370
371
376
377
381
382
384
388
390
391
392
394
395
400
401
408
413
415
417
418
427
428
430
431
432
433
436
438
441
444
445
446
447
448
449
450
454
456
458
459
461
470
473
474
480
484
485
487
490
497
505
507
508
510
511
513
514
517
519
521
524
527
531
534
536
538
540
541
544
547
548
550
551
554
555
557
559
560
570
571
572
573
574
577
578
580
581
582
586
588
592
597
600
601
605
608
609
610
613
616
619
622
623
628
631
633
636
642
644
645
646
648
650
652
654
661
665
670
671
674
678
680
682
690
691
692
693
698
701
702
707
708
709
710
711
713
717
718
721
725
727
728
731
738
741
743
745
748
751
752
755
756
760
763
764
766
775
778
780
781
782
787
789
797
798
802
803
804
805
810
821
822
824
828
829
831
832
836
839
840
843
850
854
856
857
858
859
863
866
867
870
872
875
876
880
881
888
890
